A = [1, 2, 3, 4, 5, 6;
2, -2, -1, 1, 3, 5;
3, -1, 3, 5, 7, 9;
4, 1, 5, -4, 2, 8;
5, 3, 7, 2, 5, -10;
6, 5, 9, 8, -10, -6]

A =

     1     2     3     4     5     6
     2    -2    -1     1     3     5
     3    -1     3     5     7     9
     4     1     5    -4     2     8
     5     3     7     2     5   -10
     6     5     9     8   -10    -6

[VA, LambdaA] = eig(A)

VA =

    0.1860   -0.2673    0.6818    0.4712   -0.0209    0.4547
    0.2407   -0.1230   -0.6842    0.6523    0.0282    0.1804
    0.3340   -0.3621   -0.2240   -0.5910   -0.0196    0.5979
    0.2334    0.8708    0.0254   -0.0129    0.1646    0.3992
   -0.4429    0.1347   -0.0898    0.0439   -0.8237    0.3118
   -0.7385   -0.0768   -0.0907    0.0335    0.5411    0.3829


LambdaA =

  -21.7366         0         0         0         0         0
         0   -7.8443         0         0         0         0
         0         0   -3.3008         0         0         0
         0         0         0    0.7899         0         0
         0         0         0         0   11.3598         0
         0         0         0         0         0   17.7320

[VA2, LambdaA2] = eig(A^2)

VA2 =

    0.4712    0.6818   -0.2673   -0.0209   -0.4547   -0.1860
    0.6523   -0.6842   -0.1230    0.0282   -0.1804   -0.2407
   -0.5910   -0.2240   -0.3621   -0.0196   -0.5979   -0.3340
   -0.0129    0.0254    0.8708    0.1646   -0.3992   -0.2334
    0.0439   -0.0898    0.1347   -0.8237   -0.3118    0.4429
    0.0335   -0.0907   -0.0768    0.5411   -0.3829    0.7385


LambdaA2 =

    0.6239         0         0         0         0         0
         0   10.8952         0         0         0         0
         0         0   61.5328         0         0         0
         0         0         0  129.0454         0         0
         0         0         0         0  314.4226         0
         0         0         0         0         0  472.4800

diary off
