A = randn(5,5)

A =

   -0.5541   -0.1034   -0.4251   -0.6552   -1.1634
    0.2553    0.4341    1.6297   -0.1857    0.5093
    1.1481   -0.2702    0.2986    0.8695    2.2357
   -0.0908    1.6613    0.5353   -0.7967   -0.1625
   -1.0792   -0.4412    1.3336    0.2389   -0.4023

b = randn(5,1)

b =

    1.6611
   -0.9380
   -0.3766
   -0.0328
    0.6070


linearsysqr           linearSystemAnalyzer  
x = linearsysqr(A,b)

x =

   -3.5034
   -1.6660
   -1.1295
   -4.4697
    3.3186

norm(A*x-b)

ans =

   9.5103e-16

A = randn(5,5)

A =

   -1.0890   -1.7236   -1.0620   -0.4061   -2.1713
   -0.9678   -1.7321   -2.0108   -0.3116   -1.4873
    0.3044    0.0198    0.5922    1.9018   -0.7817
   -0.1891    0.4531   -0.0842   -0.1538    0.1468
   -1.6760    0.6671   -0.0177    0.5108    0.3617

b = randn(5,1)

b =

    2.5098
   -1.7573
   -1.7281
   -0.2812
   -0.8694

x = linearsysqr(A,b)

x =

   -0.7931
   -0.7119
    3.2123
   -2.3213
   -1.3299

norm(A*x-b)

ans =

   3.4901e-15

diary off
